Kwiatek Iris-setosa średnie: [5.005999999999999, 3.4180000000000006, 1.464, 0.2439999999999999]
                min: [4.3, 2.3, 1.0, 0.1]
                max: [5.8, 4.4, 1.9, 0.6]
Kwiatek Iris-versicolor średnie: [5.936, 2.7700000000000005, 4.26, 1.3259999999999998]
                min: [4.9, 2.0, 3.0, 1.0]
                max: [7.0, 3.4, 5.1, 1.8]
Kwiatek Iris-virginica średnie: [6.587999999999998, 2.9739999999999998, 5.552, 2.026]
                min: [4.9, 2.2, 4.5, 1.4]
                max: [7.9, 3.8, 6.9, 2.5]
